Number: (66313, -3089832) Interval List: [((2, -31), (0, 1)), ((1, -31), (3, -155))]
Number: (66313, -1034129) Interval List: [((2, -31), (0, 1)), ((3, -31), (1, -31))]
Number: (86275, 2453867) Interval List: [((1, 31), (3, 31)), ((1, 31), (5, 93)), ((0, 1), (2, 31)), ((1, 31), (9, 217))]
Number: (172550, 2233209) Interval List: [((1, 31), (3, 31)), ((7, 93), (3, 31))]
Number: (14905892351, -155416857465) Interval List: [((3, -31), (1, -31)), ((3, -31), (7, -93))]
Number: (58292158043, -2292020956280) Interval List: [((2, -31), (0, 1)), ((1, -31), (7, -279)), ((1, -31), (3, -155))]
Number: (13696366, 369913917) Interval List: [((1, 31), (3, 31)), ((1, 31), (5, 93)), ((0, 1), (2, 31)), ((1, 31), (9, 217))]
Number: (6848183, 78810122) Interval List: [((1, 31), (3, 31)), ((7, 93), (3, 31))]
Number: (1133715941, 14473914973) Interval List: [((1, 31), (3, 31)), ((7, 93), (3, 31))]
Number: (90465517, 2556240129) Interval List: [((1, 31), (3, 31)), ((1, 31), (5, 93)), ((0, 1), (2, 31)), ((1, 31), (9, 217))]
Number: (180931034, 2308049231) Interval List: [((1, 31), (3, 31)), ((7, 93), (3, 31))]
Number: (302790089215785, -3929037899230049) Interval List: [((3, -31), (1, -31)), ((3, -31), (7, -93))]
Number: (1842366104090806, 33960066161329921) Interval List: [((0, 1), (2, 31)), ((1, 31), (3, 31)), ((7, 155), (9, 155))]
Number: (1842366104090806, -23153283065485065) Interval List: [((3, -31), (1, -31)), ((3, -31), (7, -93))]
Number: (426355994645443, -6943108421717781) Interval List: [((2, -31), (0, 1)), ((3, -31), (1, -31))]
Number: (7723048341012482031, -83127964692023847833) Interval List: [((3, -31), (1, -31)), ((3, -31), (7, -93))]
Number: (1412298520216367677, 60772335399799058959) Interval List: [((0, 1), (2, 31)), ((3, 155), (1, 31))]
Number: (1412298520216367677, 16991081273091660972) Interval List: [((1, 31), (3, 31)), ((7, 93), (3, 31))]
Number: (340613164320964690179, 7269322925912674908523) Interval List: [((1, 31), (3, 31)), ((0, 1), (2, 31)), ((7, 155), (9, 155)), ((1, 31), (5, 93))]
Number: (50785703441899361379173, 1448291597831198244796733) Interval List: [((1, 31), (3, 31)), ((1, 31), (5, 93)), ((0, 1), (2, 31)), ((1, 31), (9, 217))]
Number: (101571406883798722758346, 1322226388963516286839103) Interval List: [((1, 31), (3, 31)), ((7, 93), (3, 31))]
Number: (18335059288668853144937, 419353668829722777111525) Interval List: [((1, 31), (3, 31)), ((0, 1), (2, 31)), ((1, 31), (5, 93))]
Number: (6454022106220267801219, -69971009733851152856811) Interval List: [((3, -31), (1, -31)), ((3, -31), (7, -93))]
Number: (1847769436407486017140, 22814340043274791006031) Interval List: [((1, 31), (3, 31)), ((7, 93), (3, 31))]
Number: (503430941923835429183, -8916259096807190938729) Interval List: [((2, -31), (0, 1)), ((3, -31), (1, -31)), ((9, -155), (7, -155))]
Number: (629708856035382414506, 10421121913419091242013) Interval List: [((0, 1), (2, 31)), ((1, 31), (3, 31))]
Number: (15462894417640701332, -330317322435331908585) Interval List: [((3, -31), (1, -31)), ((2, -31), (0, 1)), ((9, -155), (7, -155)), ((5, -93), (1, -31))]
Number: (15991499941626110011, -726626070717787919075) Interval List: [((2, -31), (0, 1)), ((1, -31), (3, -155))]
Number: (1974353252400172851, -33957353135652392873) Interval List: [((2, -31), (0, 1)), ((3, -31), (1, -31))]
Number: (30702697248310514361478542, -1026267508378867433817896609) Interval List: [((1, -31), (3, -155)), ((2, -31), (0, 1)), ((1, -31), (7, -279))]
Number: (24016956307620465078644954, 533288643346673498046364417) Interval List: [((1, 31), (3, 31)), ((0, 1), (2, 31)), ((1, 31), (5, 93))]
Number: (2177268995763699906971619, 50211181611004630064261527) Interval List: [((1, 31), (3, 31)), ((0, 1), (2, 31)), ((1, 31), (5, 93))]
Number: (328606369544447263350189, -3853073375007838423087909) Interval List: [((3, -31), (1, -31)), ((3, -31), (7, -93))]
Number: (252047964496659586654253474927, 6493683227929397767586472649128) Interval List: [((1, 31), (3, 31)), ((0, 1), (2, 31)), ((1, 31), (5, 93)), ((1, 31), (9, 217))]
Number: (1141974523394612625167634442007, -53502395940453588101112107061547) Interval List: [((2, -31), (0, 1)), ((1, -31), (3, -155))]
Number: (1141974523394612625167634442007, -18101185715220596720915439359330) Interval List: [((2, -31), (0, 1)), ((3, -31), (1, -31))]
Number: (22788537722476986781988397733, 500926813064000725051445058993) Interval List: [((1, 31), (3, 31)), ((0, 1), (2, 31)), ((7, 155), (9, 155)), ((1, 31), (5, 93))]
Number: (599016659163593924191672003041, -6518181830195705408915440336897) Interval List: [((3, -31), (1, -31)), ((3, -31), (7, -93))]
Number: (236869194005059982293532657203, -9595439707276217737957686836325) Interval List: [((2, -31), (0, 1)), ((1, -31), (3, -155))]
Number: (2151461027924945011712155396263, 27859785238669641603654377155055) Interval List: [((1, 31), (3, 31)), ((7, 93), (3, 31))]
Number: (4594264849667980965525564484921, 192516405939870906497317546333681) Interval List: [((0, 1), (2, 31)), ((3, 155), (1, 31))]
Number: (4594264849667980965525564484921, 50094195600163496566025047301130) Interval List: [((1, 31), (3, 31)), ((7, 93), (3, 31))]
Number: (3419429528244848378473938915650, 106405711305853824126229541165869) Interval List: [((3, 155), (1, 31)), ((7, 279), (1, 31)), ((0, 1), (2, 31))]
Number: (179296090091585110709763293295, -4306234511070921009944152450699) Interval List: [((3, -31), (1, -31)), ((2, -31), (0, 1)), ((5, -93), (1, -31))]
Number: (4956059143621869320719265, -248979433212974959412296423) Interval List: [((2, -31), (0, 1)), ((1, -31), (3, -155))]
Number: (4956059143621869320719265, -95341599760697010469999208) Interval List: [((2, -31), (0, 1)), ((3, -31), (1, -31)), ((5, -93), (1, -31)), ((9, -155), (7, -155))]
Number: (4956059143621869320719265, 58296233691580938472298007) Interval List: [((1, 31), (3, 31)), ((7, 93), (3, 31))]
Number: (7044622894357472717946, 209257463029483293876101) Interval List: [((1, 31), (3, 31)), ((1, 31), (5, 93)), ((1, 31), (9, 217)), ((0, 1), (2, 31))]
Number: (327881042711629724070, -8488835726319365511151) Interval List: [((3, -31), (1, -31)), ((2, -31), (0, 1)), ((5, -93), (1, -31)), ((9, -217), (1, -31))]
Number: (163940521355814862035, -1703339782144552394033) Interval List: [((3, -31), (1, -31)), ((3, -31), (7, -93))]
Number: (828769861540981609419, 23659756721478258467315) Interval List: [((1, 31), (3, 31)), ((1, 31), (5, 93)), ((0, 1), (2, 31)), ((1, 31), (9, 217))]
Number: (1657539723081963218838, 21627647735186087042641) Interval List: [((1, 31), (3, 31)), ((7, 93), (3, 31))]
Number: (501184876752167525678, -11469932138796906239819) Interval List: [((3, -31), (1, -31)), ((2, -31), (0, 1)), ((5, -93), (1, -31))]
Number: (406394808923641242, -16102352089669240469) Interval List: [((2, -31), (0, 1)), ((1, -31), (7, -279)), ((1, -31), (3, -155))]
Number: (12392221190569663, 155744496097250627) Interval List: [((1, 31), (3, 31)), ((7, 93), (3, 31))]
Number: (5658371469530947, 93479398055026357) Interval List: [((0, 1), (2, 31)), ((1, 31), (3, 31))]
Number: (232537615531463, -11549280554593357) Interval List: [((2, -31), (0, 1)), ((1, -31), (3, -155))]
Number: (232537615531463, -4340614473118004) Interval List: [((2, -31), (0, 1)), ((3, -31), (1, -31)), ((5, -93), (1, -31)), ((9, -155), (7, -155))]
Number: (232537615531463, 2868051608357349) Interval List: [((1, 31), (3, 31)), ((7, 93), (3, 31))]
Number: (62415635822051, -689184645572245) Interval List: [((3, -31), (1, -31)), ((3, -31), (7, -93))]
Number: (7461861205007, -94760359643853) Interval List: [((3, -31), (1, -31)), ((3, -31), (7, -93))]
Number: (352397738047, 9222188628281) Interval List: [((1, 31), (3, 31)), ((0, 1), (2, 31)), ((1, 31), (5, 93)), ((1, 31), (9, 217))]
Number: (704795476094, 7520047377105) Interval List: [((1, 31), (3, 31)), ((7, 93), (3, 31))]
Number: (126381774425, -2692800129951) Interval List: [((3, -31), (1, -31)), ((2, -31), (0, 1)), ((9, -155), (7, -155)), ((5, -93), (1, -31))]
Number: (948928791557, 21744740485818) Interval List: [((1, 31), (3, 31)), ((0, 1), (2, 31)), ((1, 31), (5, 93))]
Number: (18531848359, 696928372400) Interval List: [((0, 1), (2, 31)), ((7, 279), (1, 31)), ((3, 155), (1, 31))]
Number: (670317232, 10428033301) Interval List: [((0, 1), (2, 31)), ((1, 31), (3, 31))]
Number: (4996241, -177891578) Interval List: [((2, -31), (0, 1)), ((1, -31), (3, -155)), ((1, -31), (7, -279))]
Number: (1579, -49197) Interval List: [((1, -31), (3, -155)), ((1, -31), (7, -279)), ((2, -31), (0, 1))]