Number: (66313, -3089832) Interval List: [((1, -31), (3, -155)), ((2, -31), (0, 1))]
Number: (86275, 2453867) Interval List: [((1, 31), (3, 31)), ((1, 31), (5, 93)), ((1, 31), (9, 217)), ((0, 1), (2, 31))]
Number: (172550, 2233209) Interval List: [((7, 93), (3, 31)), ((1, 31), (3, 31))]
Number: (14905892351, -155416857465) Interval List: [((3, -31), (1, -31)), ((3, -31), (7, -93))]
Number: (58292158043, -2292020956280) Interval List: [((1, -31), (7, -279)), ((2, -31), (0, 1)), ((1, -31), (3, -155))]
Number: (13696366, 369913917) Interval List: [((1, 31), (3, 31)), ((1, 31), (5, 93)), ((0, 1), (2, 31)), ((1, 31), (9, 217))]
Number: (6848183, 78810122) Interval List: [((1, 31), (3, 31)), ((7, 93), (3, 31))]
Number: (1133715941, 14473914973) Interval List: [((7, 93), (3, 31)), ((1, 31), (3, 31))]
Number: (90465517, 2556240129) Interval List: [((1, 31), (3, 31)), ((1, 31), (5, 93)), ((1, 31), (9, 217)), ((0, 1), (2, 31))]
Number: (180931034, 2308049231) Interval List: [((7, 93), (3, 31)), ((1, 31), (3, 31))]
Number: (302790089215785, -3929037899230049) Interval List: [((3, -31), (7, -93)), ((3, -31), (1, -31))]
Number: (1842366104090806, 33960066161329921) Interval List: [((0, 1), (2, 31)), ((7, 155), (9, 155)), ((1, 31), (3, 31))]
Number: (1842366104090806, -23153283065485065) Interval List: [((3, -31), (7, -93)), ((3, -31), (1, -31))]
Number: (426355994645443, -6943108421717781) Interval List: [((2, -31), (0, 1)), ((3, -31), (1, -31))]
Number: (7723048341012482031, -83127964692023847833) Interval List: [((3, -31), (1, -31)), ((3, -31), (7, -93))]
Number: (1412298520216367677, 60772335399799058959) Interval List: [((3, 155), (1, 31)), ((0, 1), (2, 31))]
Number: (340613164320964690179, 7269322925912674908523) Interval List: [((7, 155), (9, 155)), ((1, 31), (3, 31)), ((0, 1), (2, 31)), ((1, 31), (5, 93))]
Number: (23473754273063660583143, -300909842484602742726171) Interval List: [((3, -31), (7, -93)), ((3, -31), (1, -31))]
Number: (16147169760741781938463997, 602527642711555108307354098) Interval List: [((7, 279), (1, 31)), ((0, 1), (2, 31)), ((3, 155), (1, 31))]
Number: (3094175901755472701551727, -37698121159456145004740205) Interval List: [((3, -31), (1, -31)), ((3, -31), (7, -93))]
Number: (42455556155557357399165, 1484009234734696301593093) Interval List: [((3, 155), (1, 31)), ((0, 1), (2, 31)), ((7, 279), (1, 31))]
Number: (3472726290751592157377933699, -128519137791136339160821835883) Interval List: [((1, -31), (7, -279)), ((1, -31), (3, -155)), ((2, -31), (0, 1))]
Number: (7784502590609717095724327783, 339811815650389785109202047313) Interval List: [((3, 155), (1, 31)), ((0, 1), (2, 31))]
Number: (1703121080327014465825982237, -63979141805204751231620604501) Interval List: [((1, -31), (7, -279)), ((2, -31), (0, 1)), ((1, -31), (3, -155))]
Number: (249224869486540237662749476, -3154751005932155043234271065) Interval List: [((3, -31), (7, -93)), ((3, -31), (1, -31))]
Number: (16574057329169085484117861, 515023796302249560809616813) Interval List: [((3, 155), (1, 31)), ((7, 279), (1, 31)), ((0, 1), (2, 31))]
Number: (21746024714146938226234391, -371314239383984981147587371) Interval List: [((2, -31), (0, 1)), ((3, -31), (1, -31))]
Number: (3705671787807955113234799, 86383906711520066554783657) Interval List: [((1, 31), (3, 31)), ((0, 1), (2, 31)), ((1, 31), (5, 93))]
Number: (1378082903770463078041, 67425287423103234250694) Interval List: [((3, 155), (1, 31)), ((0, 1), (2, 31))]
Number: (22434742012694854527730, -281727272262142595718797) Interval List: [((3, -31), (7, -93)), ((3, -31), (1, -31))]
Number: (9543839141142206684, -115101618680724678641) Interval List: [((3, -31), (1, -31)), ((3, -31), (7, -93))]
Number: (210719168309944438, -5044806829151591439) Interval List: [((3, -31), (1, -31)), ((2, -31), (0, 1)), ((5, -93), (1, -31))]
Number: (119222553751046921, -4397772487393393013) Interval List: [((1, -31), (7, -279)), ((1, -31), (3, -155)), ((2, -31), (0, 1))]
Number: (378905884534045402, -12149431429113093675) Interval List: [((1, -31), (3, -155)), ((1, -31), (7, -279)), ((2, -31), (0, 1))]
Number: (24443124023640811, 403349008557686213) Interval List: [((0, 1), (2, 31)), ((1, 31), (3, 31))]
Number: (74924335225663, -2508084542596225) Interval List: [((1, -31), (3, -155)), ((1, -31), (7, -279)), ((2, -31), (0, 1))]
Number: (165846656828165, 1781805064371491) Interval List: [((1, 31), (3, 31)), ((7, 93), (3, 31))]
Number: (16335913135637, 204520941725325) Interval List: [((7, 93), (3, 31)), ((1, 31), (3, 31))]
Number: (46329168740083191, 610146388126247135) Interval List: [((7, 93), (3, 31)), ((1, 31), (3, 31))]
Number: (63809134558297611, -1679209632650895923) Interval List: [((3, -31), (1, -31)), ((5, -93), (1, -31)), ((9, -217), (1, -31)), ((2, -31), (0, 1))]
Number: (127618269116595222, -1380336093994565905) Interval List: [((3, -31), (1, -31)), ((3, -31), (7, -93))]
Number: (14852637691518283189, 244341275123629588767) Interval List: [((0, 1), (2, 31)), ((1, 31), (3, 31))]
Number: (1454493572844167703, 28250781810192398675) Interval List: [((1, 31), (5, 93)), ((0, 1), (2, 31)), ((1, 31), (3, 31)), ((7, 155), (9, 155))]
Number: (989866052544224111, -11105644163916344951) Interval List: [((3, -31), (1, -31)), ((3, -31), (7, -93))]
Number: (2376474053597073001201, -118470801379779338704428) Interval List: [((1, -31), (3, -155)), ((2, -31), (0, 1))]
Number: (9505896214388292004804, -105529727211571039631557) Interval List: [((3, -31), (1, -31)), ((3, -31), (7, -93))]
Number: (893472693994835687550, -9952632561385709848579) Interval List: [((3, -31), (1, -31)), ((3, -31), (7, -93))]
Number: (101990725545302596682, 1735950025217020076759) Interval List: [((0, 1), (2, 31)), ((1, 31), (3, 31))]
Number: (9689999284756150433, 202722215593352775591) Interval List: [((7, 155), (9, 155)), ((1, 31), (3, 31)), ((0, 1), (2, 31)), ((1, 31), (5, 93))]
Number: (14457665749151634523, -352920396401709107715) Interval List: [((9, -217), (1, -31)), ((3, -31), (1, -31)), ((2, -31), (0, 1)), ((5, -93), (1, -31))]
Number: (1755092983541801714, 19453562370026665115) Interval List: [((1, 31), (3, 31)), ((7, 93), (3, 31))]
Number: (12697982892096496, 161160757697664345) Interval List: [((7, 93), (3, 31)), ((1, 31), (3, 31))]
Number: (848723684946083, -13546706577042579) Interval List: [((2, -31), (0, 1)), ((3, -31), (1, -31))]
Number: (137493281708195, 4369074556044987) Interval List: [((3, 155), (1, 31)), ((7, 279), (1, 31)), ((0, 1), (2, 31))]
Number: (10548953127523, -464070011416525) Interval List: [((1, -31), (3, -155)), ((2, -31), (0, 1))]
Number: (76794579041990, 966247932518467) Interval List: [((7, 93), (3, 31)), ((1, 31), (3, 31))]
Number: (13134511546627, 294043804621333) Interval List: [((1, 31), (3, 31)), ((0, 1), (2, 31)), ((1, 31), (5, 93))]
Number: (966864906107539, 10853727031080581) Interval List: [((1, 31), (3, 31)), ((7, 93), (3, 31))]
Number: (52714062878396627586, 673018059048062058229) Interval List: [((7, 93), (3, 31)), ((1, 31), (3, 31))]
Number: (1457776234133219294, 16400207433383341839) Interval List: [((1, 31), (3, 31)), ((7, 93), (3, 31))]
Number: (423380787719707079, 16744776127942657771) Interval List: [((7, 279), (1, 31)), ((0, 1), (2, 31)), ((3, 155), (1, 31))]
Number: (222094599758017, 2854384258671581) Interval List: [((7, 93), (3, 31)), ((1, 31), (3, 31))]
Number: (250996459344179, -5607713911484088) Interval List: [((3, -31), (1, -31)), ((2, -31), (0, 1)), ((5, -93), (1, -31))]
Number: (1544838343358735, -16063056088468713) Interval List: [((3, -31), (1, -31)), ((3, -31), (7, -93))]
Number: (1757933101540259, -38614374070176824) Interval List: [((9, -155), (7, -155)), ((3, -31), (1, -31)), ((2, -31), (0, 1)), ((5, -93), (1, -31))]
Number: (21510638459644710, 279296369970872209) Interval List: [((7, 93), (3, 31)), ((1, 31), (3, 31))]
Number: (158908302851298, -6162442186060877) Interval List: [((1, -31), (7, -279)), ((2, -31), (0, 1)), ((1, -31), (3, -155))]
Number: (49218977246146, -1332831195429525) Interval List: [((3, -31), (1, -31)), ((5, -93), (1, -31)), ((2, -31), (0, 1)), ((9, -217), (1, -31))]
Number: (24609488623073, -284968524057131) Interval List: [((3, -31), (1, -31)), ((3, -31), (7, -93))]
Number: (322420232282, 8934249488741) Interval List: [((1, 31), (3, 31)), ((1, 31), (5, 93)), ((1, 31), (9, 217)), ((0, 1), (2, 31))]
Number: (161210116141, 1968367944185) Interval List: [((1, 31), (3, 31)), ((7, 93), (3, 31))]
Number: (34314720008, 1664983205491) Interval List: [((3, 155), (1, 31)), ((0, 1), (2, 31))]
Number: (554833993233351, -8927396431852529) Interval List: [((2, -31), (0, 1)), ((3, -31), (1, -31))]
Number: (11572352804965, -320751137341411) Interval List: [((3, -31), (1, -31)), ((5, -93), (1, -31)), ((9, -217), (1, -31)), ((2, -31), (0, 1))]
Number: (23144705609930, -282759337728907) Interval List: [((3, -31), (1, -31)), ((3, -31), (7, -93))]
Number: (360173694340083, -5854655628264587) Interval List: [((2, -31), (0, 1)), ((3, -31), (1, -31))]
Number: (517325104476253551, -5558125606349590807) Interval List: [((3, -31), (1, -31)), ((3, -31), (7, -93))]
Number: (4210478870087, -124223299484084) Interval List: [((3, -31), (1, -31)), ((5, -93), (1, -31)), ((9, -217), (1, -31)), ((2, -31), (0, 1))]
Number: (45429118741, -1401237525252) Interval List: [((3, -31), (1, -31)), ((5, -93), (1, -31)), ((9, -217), (1, -31)), ((2, -31), (0, 1))]
Number: (5911137707, 112767106259) Interval List: [((1, 31), (5, 93)), ((0, 1), (2, 31)), ((1, 31), (3, 31)), ((7, 155), (9, 155))]
Number: (2758260587, -42923205523) Interval List: [((2, -31), (0, 1)), ((3, -31), (1, -31))]
Number: (482941575, 14960005327) Interval List: [((1, 31), (3, 31)), ((1, 31), (5, 93)), ((1, 31), (9, 217)), ((0, 1), (2, 31))]
Number: (14008, -163277) Interval List: [((3, -31), (1, -31)), ((3, -31), (7, -93))]